po odwroceniu 
01100001 -> 97 -> 'a'
01101100 -> 108 -> 'l'
01100001 -> 97 -> 'a'
01101101 -> 109 -> 'm'
01100001 -> 97 -> 'a'
01110000 -> 112 -> 'p'
01110011 -> 115 -> 's'
01100001 -> 97 -> 'a'
01101001 -> 105 -> 'i'
01100100 -> 100 -> 'd'
01110111 -> 119 -> 'w'
01100001 -> 97 -> 'a'
01101011 -> 107 -> 'k'
01101111 -> 111 -> 'o'
01110100 -> 116 -> 't'
01111001 -> 121 -> 'y'


odczekanie 1 cyklu
| stan 0   
| | bit zapisu
| | |                 bit konca zapisu
| | |                 |  
| | | |<zapis liter>| |
0 0 1 1 0 0 0 0 1 1 0 0
0 0 1 0 0 1 1 0 1 1 0 0
0 0 1 1 0 0 0 0 1 1 0 0
0 0 1 1 0 1 1 0 1 1 0 0
0 0 1 1 0 0 0 0 1 1 0 0
0 0 1 0 0 0 0 1 1 1 0 0
0 0 1 1 1 0 0 1 1 1 0 0
0 0 1 1 0 0 0 0 1 1 0 0
0 0 1 1 0 0 1 0 1 1 0 0
0 0 1 0 0 1 0 0 1 1 0 0
0 0 1 1 1 1 0 1 1 1 0 0
0 0 1 1 0 0 0 0 1 1 0 0
0 0 1 1 1 0 1 0 1 1 0 0
0 0 1 1 1 1 1 0 1 1 0 0
0 0 1 0 0 1 0 1 1 1 0 0
0 0 1 1 0 0 1 1 1 1 0 0